2763.419922
2751.560059
2774.25
2768.330078
2785.429932
2822.969971
2843.800049
2862.379883
2848.090088
2831.280029
2809.22998
2795.090088
2790.540039
2791.060059
2796.75
2802.51001
2773.310059
2766.659912
2750.22998
2766.929932
2763.820068
2740.110107
2777.110107
2781.110107
2736.060059
2734.909912
2745.389893
2732.870117
2741.149902
2766.060059
2730.800049
2767.810059
2773.070068
2811.199951
2838.52002
2862.300049
2874.719971
2894.659912
2900.280029
2940.429932
2960.780029
2949.949951
2951.810059
2917.75
2923.939941
2913.929932
2890.409912
2814.649902
2809.23999
2808.320068
2813.590088
2811.25
2800.919922
2835.350098
2818.48999
2840.899902
2872.780029
2819.080078
2830.290039
2847.389893
2881.97998
2880.649902
2880.689941
2906.800049
2880.169922
2844.209961
2839.439941
2847.060059
2828.860107
2809.120117
2810.429932
2778.77002
2823.51001
2837
2787.620117
2726.959961
2682.389893
2666.51001
2649.379883
2603.399902
2619.959961
2672.070068
2660.649902
2656.870117
2657.570068
2613.790039
2644.580078
2607.899902
2539.949951
2538.280029
2582.100098
2623.209961
2558.48999
2550.73999
2579.22998
2602.409912
2629.110107
2562.449951
2546.179932
2545.610107